1.005128205128205145e-02 9.429405818263506545e-01
2.054358974358974355e-01 9.572054363697629631e-01
4.138461538461538636e-01 1.000000000000000000e+00
6.092307692307692424e-01 9.672020667190834864e-01
8.046153846153846212e-01 9.144108727395260372e-01
1.000000000000000000e+00 9.144108727395260372e-01
0.000000000000000000e+00 0.000000000000000000e+00
1.902461538461538426e-01 5.409412557564866053e-02
4.102564102564102422e-01 8.536448388183758007e-02
6.092307692307692424e-01 7.278445467819835701e-02
8.002461538461538293e-01 4.981466921262495823e-02
9.956307692307692081e-01 4.981466921262495823e-02
1.870769230769230712e-02 2.916095698079299026e-01
2.140947179487179552e-01 3.172863079860721025e-01
4.094769230769230717e-01 3.450971582612602506e-01
6.048615384615384505e-01 3.172863079860721025e-01
8.002461538461538293e-01 2.637874873638099693e-01
9.956307692307692081e-01 2.637874873638099693e-01
1.870769230769230712e-02 5.055823879591149206e-01
2.140947179487179552e-01 5.312591373694259822e-01
4.094769230769230717e-01 5.590699764124452686e-01
6.048615384615384505e-01 5.312591261372571205e-01
8.002461538461538293e-01 4.777603055149949318e-01
9.956307692307692081e-01 4.777603055149949318e-01
1.870769230769230712e-02 7.195552061102998831e-01
2.140947179487179552e-01 7.452319442884420830e-01
4.094769230769230717e-01 7.730427945636302312e-01
6.048615384615384505e-01 7.452319442884420830e-01
8.002461538461538293e-01 6.917331236661798943e-01
9.956307692307692081e-01 6.917331236661798943e-01
